
variantes_coronavirus <- c("MN908947", "MT121215", "QPF36724", 
                           "MT121216", "NC_004718", "NC_019843",
                           "AY567487", "NC_006213", "NC_006577", "NC_004718")
